,area,bedroom,price_lakhs
0,2218,3,90.13000000000001
1,757,5,41.995000000000005
2,1234,1,68.69
3,1578,2,68.23
4,3178,2,135.23000000000002
5,1973,5,97.555
6,1253,5,78.355
7,1103,1,54.105000000000004
8,2046,2,105.61000000000001
9,990,5,71.15
10,1877,1,90.19500000000001
11,2581,5,118.83500000000001
12,3033,1,128.65500000000003
13,2615,3,110.025
14,1086,1,69.51
15,1765,5,76.275
16,996,3,57.36000000000001
17,2010,4,120.35000000000001
18,1053,5,82.355
19,3482,3,136.37
20,3215,1,145.025
21,2884,1,146.44
22,1763,5,86.20500000000001
23,1175,5,62.62500000000001
24,2955,3,127.92500000000001
25,1984,4,92.44000000000001
26,1790,5,89.15
27,2720,2,135.2
28,2085,5,98.47500000000001
29,1842,2,100.47000000000001
30,708,3,70.28
31,2177,5,91.69500000000001
32,730,3,73.05
33,1396,5,86.36000000000001
34,1306,4,78.71000000000001
35,3252,2,157.82
36,1124,3,72.84
37,2454,3,101.39000000000001
38,1555,5,83.92500000000001
39,3249,4,134.71500000000003
40,1992,5,89.22000000000001
41,1871,1,98.985
42,3006,1,120.71000000000001
43,3231,1,149.585
44,2133,4,86.655
45,1605,2,67.17500000000001
46,813,2,76.455
47,1838,3,101.83000000000001
48,1919,1,93.665
49,3023,1,131.305
50,1958,5,104.03
51,1079,2,51.765
52,1327,4,72.44500000000001
53,2737,1,126.29500000000002
54,2802,5,139.57
55,834,5,42.69
56,1196,5,88.36000000000001
57,3461,5,168.635
58,2685,2,113.97500000000001
59,1814,4,110.49000000000001
60,724,5,44.84
61,1213,1,64.95500000000001
62,1362,3,60.17
63,1481,5,100.33500000000001
64,2839,2,120.36500000000001
65,1602,2,77.07000000000001
66,2242,2,113.47000000000001
67,2582,1,100.87
68,1972,5,116.52000000000001
69,3491,2,138.185
70,3348,3,142.68
71,2431,1,132.585
72,808,3,53.78
73,1372,1,97.52000000000001
74,1792,5,108.22
75,3193,4,154.755
76,3204,4,133.14000000000001
77,1965,2,85.775
78,2766,4,133.81
79,1155,1,57.925000000000004
80,2264,4,95.24000000000001
81,1214,1,73.99000000000001
82,2837,2,146.29500000000002
83,1727,2,76.44500000000001
84,3441,2,141.435
85,2259,5,115.56500000000001
86,1355,2,61.425000000000004
87,2370,2,95.95
88,1036,2,62.260000000000005
89,3355,3,154.925
90,1562,2,101.67
91,2539,1,108.36500000000001
92,3203,1,146.60500000000002
93,3251,3,130.28500000000003
94,2041,5,121.935
95,2158,5,126.03
96,2534,5,103.19000000000001
97,2279,2,105.765
98,3405,3,156.675
99,1911,2,78.885
100,2867,3,117.84500000000001
101,795,5,60.325
102,1884,2,111.94000000000001
103,2896,3,140.86
104,3474,5,143.09000000000003
105,1935,1,93.22500000000001
106,3260,1,130.60000000000002
107,868,5,72.88
108,3155,1,135.925
109,809,4,78.315
110,2485,3,134.47500000000002
111,2246,1,90.11000000000001
112,2381,3,123.83500000000001
113,2116,1,118.56
114,2616,2,129.56
115,921,1,78.73500000000001
116,3014,1,153.99
117,3403,2,162.10500000000002
118,1400,5,96.5
119,3289,5,154.615
120,777,4,53.19500000000001
121,1518,2,98.13
122,2816,1,143.06
123,1606,3,71.71000000000001
124,2977,4,152.195
125,1447,4,101.64500000000001
126,3082,1,146.37
127,1303,5,63.105000000000004
128,1811,3,74.885
129,1976,4,96.16000000000001
130,1728,4,76.48
131,2906,4,147.71
132,2020,2,81.7
133,1767,3,111.345
134,735,3,71.225
135,2095,2,117.325
136,1938,3,105.33000000000001
137,2355,2,112.42500000000001
138,2102,4,104.57000000000001
139,1784,1,96.94
140,2179,1,124.765
141,1455,4,100.92500000000001
142,3126,4,128.41000000000003
143,2380,2,95.30000000000001
144,2011,2,109.385
145,2276,4,127.66000000000001
146,2615,2,107.525
147,1140,1,54.400000000000006
148,2371,4,117.98500000000001
149,976,2,57.160000000000004
150,2961,3,123.135
151,2289,5,120.61500000000001
152,1778,4,102.23
153,3363,1,153.205
154,2167,2,105.84500000000001
155,922,4,81.27000000000001
156,3485,5,161.47500000000002
157,3079,5,144.26500000000001
158,1192,1,78.22
159,645,4,64.575
160,662,3,58.67
161,3247,3,149.145
162,3040,3,155.9
163,1027,4,73.945
164,3170,3,151.45000000000002
165,2888,2,113.08000000000001
166,662,2,46.17
167,1129,3,85.015
168,2727,3,124.94500000000001
169,1506,5,66.21000000000001
170,1821,4,101.73500000000001
171,1821,2,97.73500000000001
172,1018,5,71.13
173,2933,3,151.15500000000003
174,892,3,65.72
175,3296,5,155.86
176,3318,5,130.63
177,1563,4,101.70500000000001
178,1460,4,79.1
179,3080,2,152.8
180,3233,1,134.65500000000003
181,2376,2,95.16000000000001
182,3462,4,170.17000000000002
183,1498,3,65.93
184,1107,1,52.245000000000005
185,722,2,59.27
186,2256,4,99.96000000000001
187,2915,4,149.025
188,2867,4,151.34500000000003
189,1453,4,64.855
190,2590,4,115.65
191,2076,5,106.16000000000001
192,3488,5,137.58
193,2394,5,97.29
194,1559,2,68.565
195,1162,2,72.67
196,3254,2,154.89000000000001
197,2400,1,97.50000000000001
198,1428,1,68.48
199,2326,2,128.41000000000003
200,3388,3,150.08
201,1483,5,91.405
202,2688,1,126.58000000000001
203,2835,4,137.22500000000002
204,2898,5,124.93
205,3093,4,124.25500000000001
206,2679,4,139.76500000000001
207,1025,2,73.875
208,2131,3,88.08500000000001
209,2049,5,122.215
210,1137,5,72.295
211,2610,5,142.85000000000002
212,2669,1,137.91500000000002
213,1757,3,80.995
214,1608,3,106.78
215,1023,2,56.80500000000001
216,1009,4,72.315
217,2929,1,131.01500000000001
218,1802,3,103.57000000000001
219,2541,4,121.935
220,2819,4,149.66500000000002
221,3341,1,152.435
222,2002,3,101.57000000000001
223,2423,1,111.305
224,2823,2,122.805
225,952,3,48.82
226,1121,2,50.23500000000001
227,1517,3,97.595
228,1260,2,91.1
229,1220,5,91.2
230,3149,1,139.715
231,2250,3,122.25000000000001
232,2005,3,94.67500000000001
233,2836,2,128.26
234,2101,4,109.53500000000001
235,1136,3,81.26
236,1892,3,100.72000000000001
237,2855,4,126.92500000000001
238,1280,1,78.30000000000001
239,1636,3,104.76
240,2398,1,109.43
241,3463,3,146.705
242,1997,1,105.39500000000001
243,2752,1,127.82000000000001
244,2831,4,149.085
245,2973,4,140.055
246,2850,3,135.25
247,1809,1,109.815
248,2265,1,93.775
249,1413,5,86.95500000000001
250,635,2,51.225
251,927,3,77.945
252,3242,1,156.97000000000003
253,1942,4,116.97000000000001
254,2675,2,137.625
255,3239,5,135.865
256,3035,2,121.22500000000001
257,836,2,63.260000000000005
258,1964,1,103.24000000000001
259,2176,3,123.66000000000001
260,2964,4,146.74
261,1847,1,82.14500000000001
262,2950,1,129.75
263,3182,1,145.87
264,3404,5,151.64000000000001
265,3329,5,154.01500000000001
266,3466,1,161.81
267,1288,2,93.08000000000001
268,1207,5,89.745
269,2860,5,119.60000000000001
270,884,5,79.44
271,1664,3,105.74000000000001
272,2487,5,107.545
273,1526,3,68.91
274,1287,1,58.545
275,1728,1,88.98
276,1106,4,68.71000000000001
277,862,3,44.67
278,3113,5,150.455
279,1553,5,87.855
280,611,3,50.885000000000005
281,2933,3,126.15500000000002
282,3407,2,169.245
283,1844,2,105.54
284,1943,1,81.50500000000001
285,2371,5,96.48500000000001
286,949,4,45.215
287,843,5,42.005
288,1219,2,60.665000000000006
289,3147,1,137.645
290,2444,4,106.54
291,2693,5,125.75500000000001
292,1165,5,69.275
293,1946,2,88.11
294,2331,2,110.58500000000001
295,2729,1,120.01500000000001
296,3125,3,159.875
297,1849,2,106.715
298,827,1,52.44500000000001
299,2764,2,140.74
300,2424,5,119.34
301,911,1,77.385
302,2436,1,122.76
303,2364,4,125.74000000000001
304,852,3,72.32000000000001
305,2042,4,115.47000000000001
306,2026,2,108.91000000000001
307,632,4,47.120000000000005
308,1282,2,67.87
309,2655,5,110.42500000000001
310,1239,4,63.365
311,1077,5,56.195
312,2539,5,105.36500000000001
313,1633,2,74.155
314,2366,4,95.81
315,2566,1,133.31
316,2970,5,142.45
317,1752,2,80.32000000000001
318,2636,5,116.76
319,1721,3,91.73500000000001
320,1360,1,73.1
321,1103,1,66.105
322,656,3,57.46
323,2959,4,119.56500000000001
324,2009,2,84.31500000000001
325,2229,3,106.515
326,622,5,66.27000000000001
327,3165,2,121.775
328,906,4,76.71000000000001
329,2825,2,144.875
330,3479,4,163.76500000000001
331,2201,1,116.53500000000001
332,1267,5,90.845
333,3491,4,147.185
334,771,2,74.985
335,901,2,68.535
336,657,1,43.495000000000005
337,2266,4,99.31
338,1679,1,85.26500000000001
339,2774,3,144.59
340,3279,1,160.26500000000001
341,1779,3,96.76500000000001
342,605,4,36.175
343,1202,3,87.57000000000001
344,880,4,51.800000000000004
345,2966,2,140.81
346,2654,3,142.39000000000001
347,888,4,59.08
348,1034,2,70.19
349,865,1,57.775000000000006
350,1701,3,106.035
351,2352,2,130.32
352,710,5,52.35
353,2422,4,96.77000000000001
354,3442,1,163.97000000000003
355,1918,2,87.13000000000001
356,3298,1,150.93
357,1261,4,93.135
358,1859,1,90.56500000000001
359,3052,3,153.32
360,1220,5,70.2
361,2845,5,151.075
362,1979,2,80.265
363,2959,2,132.565
364,1129,3,62.015
365,1099,4,86.465
366,2637,1,131.79500000000002
367,898,2,76.43
368,1600,4,89.0
369,1476,5,80.16
370,3274,1,125.09000000000002
371,3381,2,146.335
372,2525,2,101.37500000000001
373,3479,2,157.76500000000001
374,2773,5,147.555
375,975,3,60.625
376,2167,5,113.34500000000001
377,2490,1,117.65
378,1415,2,74.525
379,602,1,54.57
380,986,5,78.01
381,1877,2,102.69500000000001
382,3322,2,164.27
383,972,1,65.52000000000001
384,2842,1,141.97000000000003
385,2552,5,124.82000000000001
386,3037,5,147.79500000000002
387,1422,2,96.77000000000001
388,887,1,43.545
389,2115,4,101.025
390,1657,1,85.495
391,1258,1,91.53
392,1659,1,75.565
393,1300,1,59.00000000000001
394,741,2,36.935
395,1718,3,105.63
396,2658,1,133.53000000000003
397,1418,1,86.13
398,2417,5,105.09500000000001
399,2560,1,129.10000000000002
400,2850,1,110.25000000000001
401,1290,4,87.15
402,807,3,45.745000000000005
403,1803,3,112.605
404,1289,3,57.615
405,2707,2,139.745
406,1242,5,79.97
407,2271,1,127.98500000000001
408,3197,3,136.395
409,1707,3,101.245
410,1502,4,79.57000000000001
411,2742,5,139.47000000000003
412,2448,2,134.68
413,618,3,43.13
414,2438,4,128.33
415,1143,1,68.505
416,1673,2,76.555
417,3130,1,153.05
418,3384,5,143.94
419,1650,3,91.25
420,1010,3,57.85
421,1182,1,55.870000000000005
422,1023,2,62.80500000000001
423,681,4,70.83500000000001
424,2228,2,113.98
425,2796,1,111.36000000000001
426,2201,2,124.03500000000001
427,3075,2,135.625
428,1717,3,108.595
429,1618,5,108.13
430,1122,1,51.77
431,2702,4,126.57000000000001
432,3123,4,135.305
433,2832,5,145.62
434,638,3,46.83
435,3383,5,130.90500000000003
436,3135,1,139.22500000000002
437,3140,5,136.4
438,1741,5,84.435
439,2249,3,113.215
440,2329,3,111.01500000000001
441,2667,4,109.34500000000001
442,2649,5,111.215
443,2373,2,120.055
444,1792,3,78.22
445,2026,5,87.41000000000001
446,2788,1,111.08000000000001
447,2848,4,137.68
448,839,4,72.36500000000001
449,1385,5,76.975
450,2439,1,128.865
451,1116,2,58.06
452,1538,2,93.83000000000001
453,1867,3,107.84500000000001
454,3092,5,147.72000000000003
455,3469,2,164.41500000000002
456,2291,4,126.185
457,2823,2,145.805
458,1595,4,81.825
459,2683,2,143.90500000000003
460,2451,4,99.78500000000001
461,975,4,74.125
462,1369,4,59.915000000000006
463,2870,3,122.95
464,1980,2,94.30000000000001
465,1549,1,69.715
466,2765,5,146.275
467,1707,3,82.245
468,1520,2,84.2
469,2880,1,144.3
470,3009,5,144.815
471,804,1,77.64
472,3003,5,124.605
473,1224,1,62.34
474,896,2,73.36
475,2589,2,125.61500000000001
476,2541,4,113.935
477,1477,1,100.19500000000001
478,2483,1,98.40500000000002
479,2887,1,131.54500000000002
480,832,1,73.62
481,1685,2,107.97500000000001
482,2004,2,98.14
483,2863,1,120.70500000000001
484,2944,1,119.54
485,1392,4,95.72
486,2152,1,124.82000000000001
487,926,3,76.91
488,1700,2,78.5
489,1496,4,86.36000000000001
490,1558,5,69.03
491,2742,5,112.47000000000001
492,3476,3,154.16000000000003
493,2797,1,141.395
494,690,2,45.150000000000006
495,1792,5,82.22
496,2348,2,94.18
497,2685,4,141.97500000000002
498,3460,4,169.10000000000002
499,2378,5,97.73
